2
2
3
3
5
7
10
10
11
11
11
11
13
13
14
15
16
16
18
21
22
23
24
25
25
25
26
27
27
27
27
28
31
31
33
33
34
35
35
36
37
37
40
40
41
44
45
45
46
46
47
49
51
51
53
54
55
56
58
59
69
69
70
71
73
75
76
77
78
79
80
81
82
84
84
85
85
85
87
89
90
95
98
99
101
101
102
102
103
105
105
106
107
108
114
115
116
117
118
118
121
123
123
125
125
126
127
127
129
130
132
133
138
138
139
139
139
139
140
141
141
141
142
142
143
144
145
145
145
146
147
148
150
154
154
155
155
155
156
159
159
160
160
162
162
163
167
168
169
171
171
171
172
172
177
177
177
178
179
179
179
184
184
185
185
186
187
187
187
188
190
190
192
192
193
196
197
200
201
202
202
202
203
203
203
204
207
207
208
208
213
213
214
215
216
217
217
220
223
224
226
227
229
229
231
232
233
234
234
235
236
236
238
238
239
239
241
241
242
243
244
244
245
248
249
249
250
251
253
253
255
255
255
257
259
259
259
260
260
260
260
262
265
265
266
267
267
270
271
273
273
273
273
276
277
277
278
278
279
281
281
281
281
281
282
283
285
288
289
289
290
291
292
293
294
296
299
299
300
304
304
304
304
304
304
306
307
308
308
309
311
311
311
312
312
313
316
317
319
320
323
325
325
326
328
331
332
333
335
337
338
339
339
341
341
342
343
344
347
348
348
348
348
349
349
350
353
354
354
355
356
357
357
359
359
361
361
361
362
363
365
366
368
368
369
369
370
371
371
375
375
377
378
378
378
379
383
383
383
384
384
385
385
387
387
388
389
391
393
394
394
395
395
395
397
397
398
399
399
400
400
401
402
402
402
403
404
406
408
408
412
412
414
414
415
416
416
416
418
419
420
420
422
422
422
422
423
424
425
426
426
427
428
429
431
431
432
433
434
436
439
439
440
441
441
441
442
444
445
446
446
446
448
449
450
450
452
452
455
455
458
459
460
460
462
463
465
465
466
467
469
469
472
473
473
474
475
476
479
485
486
487
488
488
490
490
491
492
492
495
495
496
496
498
501
502
502
506
507
508
510
511
512
512
512
513
514
515
517
517
519
520
521
522
522
523
524
524
525
525
527
528
528
529
529
529
529
530
530
530
533
536
536
536
538
541
542
542
543
545
546
546
548
548
550
554
556
557
559
559
560
561
561
563
566
566
567
568
569
570
571
571
572
573
575
576
576
577
577
581
582
582
582
582
583
583
583
585
585
587
591
593
593
593
594
596
598
599
599
601
603
603
604
604
604
604
604
604
608
613
614
616
617
618
619
619
620
620
621
621
622
626
627
627
627
627
630
632
632
633
634
635
636
637
638
638
640
641
644
644
646
646
648
649
649
650
651
651
653
653
654
654
655
656
658
659
659
659
659
660
660
661
661
662
662
662
662
664
665
668
669
670
670
670
670
671
671
671
672
673
674
677
682
683
684
685
686
687
690
690
693
694
695
696
696
697
699
701
703
703
703
704
704
706
706
707
708
708
709
710
711
712
712
713
715
716
717
717
717
718
718
718
719
720
721
722
723
725
725
726
729
730
731
731
731
732
733
733
735
736
736
736
736
737
738
740
741
742
742
742
742
742
745
747
748
748
749
750
751
752
753
756
756
757
758
759
759
760
763
764
764
770
771
772
774
776
777
777
777
778
781
782
782
782
784
784
784
788
788
789
789
792
793
793
794
796
798
799
801
803
804
805
807
810
810
812
813
813
815
817
817
818
820
820
820
820
821
822
822
823
824
826
828
828
828
829
829
830
832
833
833
835
836
836
838
838
838
840
840
841
842
842
842
843
848
848
854
858
859
860
861
863
863
864
866
867
868
873
873
873
876
876
879
880
880
883
885
885
885
885
890
890
891
892
892
892
893
893
893
894
895
896
896
900
900
900
900
901
904
905
907
908
909
909
911
913
913
915
916
916
918
920
923
923
923
924
928
929
929
930
931
931
932
933
933
936
937
937
939
939
940
943
946
946
947
948
949
951
951
951
952
952
952
954
959
959
959
960
961
961
961
961
962
963
965
965
965
966
966
967
969
970
971
971
973
973
974
974
976
977
978
979
979
979
980
980
982
983
983
984
984
986
986
986
987
987
991
991
991
993
993
994
999
1000
1000
1001
1002
1002
1003
1006
1007
1009
1009
1011
1011
1012
1012
1012
1012
1013
1014
1014
1014
1014
1015
1016
1016
1017
1017
1018
1022
1022
1022
1023
1025
1025
1026
1027
1027
1028
1029
1030
1030
1033
1035
1036
1036
1037
1037
1037
1038
1040
1040
1044
1049
1052
1053
1053
1054
1055
1056
1059
1059
1060
1060
1061
1062
1062
1064
1066
1066
1067
1070
1070
1070
1070
1070
1071
1072
1072
1073
1074
1075
1076
1076
1076
1079
1080
1080
1082
1082
1082
1083
1083
1084
1086
1086
1086
1086
1086
1086
1086
1091
1092
1092
1096
1096
1097
1100
1102
1103
1106
1108
1109
1109
1110
1111
1113
1113
1116
1117
1118
1118
1119
1120
1122
1123
1125
1126
1127
1127
1127
1129
1130
1131
1132
1133
1133
1134
1135
1138
1138
1140
1141
1142
1144
1145
1147
1149
1150
1150
1151
1152
1153
1154
1155
1156
1158
1159
1161
1161
1166
1166
1167
1168
1169
1169
1169
1169
1171
1172
1173
1173
1174
1176
1177
1178
1181
1182
1183
1185
1185
1186
1187
1187
1189
1192
1194
1195
1198
1198
1198
1199
1200
1200
1202
1203
1203
1204
1209
1211
1213
1213
1213
1214
1216
1217
1218
1219
1220
1221
1221
1222
1223
1223
1225
1225
1226
1226
1226
1228
1229
1230
1231
1233
1234
1234
1234
1235
1235
1236
1239
1240
1243
1244
1244
1245
1245
1246
1248
1248
1248
1248
1249
1250
1250
1251
1251
1252
1252
1254
1256
1258
1258
1262
1263
1263
1265
1265
1266
1266
1267
1268
1269
1270
1270
1272
1274
1274
1275
1275
1276
1276
1277
1277
1278
1278
1279
1281
1282
1282
1282
1283
1284
1285
1286
1290
1291
1294
1295
1296
1297
1297
1297
1298
1298
1299
1299
1300
1301
1301
1303
1303
1305
1306
1306
1307
1308
1310
1310
1311
1311
1311
1311
1312
1313
1314
1314
1314
1315
1315
1315
1316
1316
1316
1316
1316
1319
1321
1323
1323
1324
1325
1325
1331
1331
1332
1333
1333
1333
1334
1334
1335
1335
1336
1337
1338
1338
1341
1343
1345
1345
1345
1346
1347
1348
1348
1349
1351
1353
1354
1355
1356
1356
1357
1358
1358
1360
1360
1362
1362
1362
1362
1364
1364
1365
1365
1365
1371
1372
1372
1372
1373
1375
1376
1378
1379
1379
1379
1380
1380
1380
1381
1383
1386
1387
1387
1388
1389
1390
1390
1392
1393
1394
1394
1396
1396
1397
1400
1400
1401
1401
1402
1403
1403
1404
1405
1405
1406
1406
1406
1407
1407
1407
1407
1408
1409
1410
1412
1412
1413
1413
1415
1416
1416
1418
1418
1421
1422
1422
1422
1425
1430
1432
1433
1435
1438
1438
1439
1441
1441
1445
1447
1447
1448
1448
1448
1448
1449
1451
1451
1455
1456
1461
1461
1464
1464
1464
1465
1465
1467
1470
1470
1470
1470
1471
1473
1474
1475
1475
1476
1479
1481
1482
1483
1483
1483
1484
1485
1485
1485
1486
1490
1491
1492
1492
1492
1495
1496
1497
1501
1502
1502
1504
1504
1505
1505
1506
1507
1510
1510
1512
1514
1514
1514
1517
1517
1521
1521
1522
1522
1525
1527
1527
1529
1529
1530
1530
1531
1532
1532
1533
1534
1537
1537
1537
1539
1540
1541
1542
1542
1543
1543
1544
1544
1545
1545
1548
1548
1550
1552
1553
1554
1556
1557
1557
1557
1560
1560
1561
1562
1563
1564
1564
1564
1564
1566
1566
1567
1568
1569
1572
1572
1572
1572
1572
1572
1573
1573
1574
1575
1576
1581
1581
1582
1582
1583
1585
1585
1586
1586
1589
1590
1591
1591
1591
1591
1592
1594
1594
1595
1595
1596
1597
1598
1598
1602
1602
1603
1603
1603
1603
1604
1605
1605
1605
1605
1606
1608
1608
1611
1611
1611
1613
1613
1615
1618
1619
1626
1626
1626
1627
1627
1629
1630
1631
1631
1634
1638
1641
1641
1641
1642
1644
1646
1646
1648
1648
1648
1651
1654
1655
1655
1658
1658
1660
1666
1670
1671
1672
1673
1673
1674
1674
1676
1677
1678
1679
1679
1682
1684
1688
1689
1690
1690
1692
1693
1693
1694
1695
1695
1695
1696
1698
1700
1701
1701
1701
1702
1704
1705
1706
1707
1708
1708
1709
1710
1711
1714
1716
1717
1718
1719
1722
1723
1723
1724
1729
1730
1733
1734
1734
1735
1736
1736
1737
1738
1739
1742
1742
1744
1745
1749
1750
1751
1751
1752
1753
1753
1754
1754
1756
1756
1758
1758
1759
1761
1761
1762
1762
1763
1763
1764
1764
1765
1767
1767
1767
1768
1769
1770
1771
1771
1773
1778
1779
1779
1781
1786
1787
1791
1791
1791
1793
1793
1794
1794
1794
1795
1796
1797
1798
1799
1799
1801
1804
1805
1807
1807
1808
1808
1808
1809
1809
1811
1812
1812
1812
1814
1816
1817
1819
1820
1821
1821
1821
1822
1824
1824
1824
1825
1825
1825
1830
1831
1832
1833
1833
1834
1836
1837
1839
1839
1840
1842
1843
1843
1844
1847
1848
1848
1848
1848
1849
1849
1849
1851
1852
1852
1852
1852
1854
1856
1857
1857
1857
1858
1858
1860
1861
1862
1863
1864
1864
1865
1868
1868
1870
1870
1870
1871
1872
1873
1873
1873
1876
1877
1877
1877
1879
1882
1882
1882
1883
1883
1883
1883
1889
1890
1890
1891
1891
1891
1892
1892
1893
1895
1896
1896
1899
1901
1901
1901
1902
1902
1904
1904
1906
1907
1907
1907
1909
1909
1910
1911
1911
1913
1914
1914
1915
1916
1917
1917
1919
1920
1920
1921
1923
1924
1924
1926
1927
1927
1929
1930
1930
1932
1932
1933
1933
1936
1938
1938
1938
1939
1939
1940
1940
1941
1943
1945
1945
1947
1948
1949
1950
1950
1953
1953
1954
1955
1957
1958
1959
1962
1965
1965
1966
1968
1969
1969
1969
1970
1971
1972
1974
1974
1975
1976
1979
1982
1982
1985
1987
1987
1987
1987
1991
1991
1992
1995
1997
1997
1997
1998
1998
2000
2005
2007
2009
2009
2009
2011
2012
2012
2013
2014
2015
2015
2016
2016
2017
2017
2018
2018
2019
2019
2023
2024
2024
2025
2025
2025
2027
2027
2029
2029
2029
2029
2033
2034
2034
2035
2035
2035
2036
2037
2037
2038
2039
2039
2040
2040
2041
2045
2047
2048
2049
2050
2051
2052
2053
2060
2061
2061
2062
2063
2064
2064
2064
2065
2066
2068
2068
2072
2076
2076
2077
2077
2077
2079
2080
2080
2081
2081
2082
2082
2083
2086
2086
2086
2087
2088
2088
2089
2090
2092
2092
2092
2093
2094
2094
2095
2096
2096
2097
2098
2099
2100
2101
2101
2103
2104
2105
2109
2110
2112
2112
2113
2115
2115
2116
2116
2118
2119
2119
2119
2121
2122
2126
2127
2127
2129
2130
2131
2131
2134
2138
2139
2140
2140
2140
2141
2142
2144
2145
2147
2149
2150
2151
2152
2152
2154
2154
2160
2160
2161
2162
2166
2166
2166
2168
2169
2170
2172
2172
2175
2175
2175
2176
2180
2181
2181
2182
2183
2185
2185
2186
2186
2186
2187
2188
2188
2188
2191
2191
2191
2192
2192
2192
2193
2195
2196
2197
2198
2198
2199
2200
2200
2200
2202
2202
2202
2203
2204
2205
2205
2206
2207
2209
2210
2210
2211
2213
2213
2214
2214
2215
2215
2215
2215
2215
2216
2216
2217
2217
2219
2219
2220
2221
2222
2223
2223
2224
2224
2224
2225
2230
2231
2231
2232
2232
2232
2237
2238
2243
2243
2243
2244
2245
2245
2246
2246
2247
2248
2249
2251
2252
2252
2255
2255
2257
2257
2257
2257
2258
2260
2261
2261
2262
2263
2264
2266
2266
2266
2267
2269
2269
2270
2270
2272
2272
2276
2277
2279
2284
2287
2288
2289
2289
2289
2290
2290
2294
2299
2302
2302
2305
2307
2308
2308
2309
2310
2311
2311
2312
2312
2313
2313
2313
2314
2314
2314
2316
2320
2320
2322
2323
2323
2324
2327
2327
2328
2329
2330
2331
2332
2332
2333
2333
2335
2335
2336
2337
2337
2337
2339
2339
2339
2342
2342
2342
2343
2345
2348
2349
2349
2350
2350
2352
2356
2358
2359
2359
2359
2361
2361
2364
2365
2366
2368
2370
2370
2371
2374
2374
2374
2374
2375
2375
2375
2377
2378
2378
2378
2378
2379
2382
2384
2384
2387
2387
2388
2388
2389
2390
2391
2391
2391
2393
2394
2394
2395
2398
2400
2401
2402
2402
2403
2404
2407
2407
2408
2409
2411
2411
2413
2413
2413
2413
2415
2418
2418
2420
2421
2422
2423
2423
2423
2425
2425
2426
2426
2426
2427
2427
2428
2428
2429
2429
2429
2431
2432
2432
2432
2433
2434
2435
2436
2437
2438
2439
2440
2441
2441
2442
2442
2444
2445
2446
2446
2447
2447
2447
2448
2449
2451
2454
2455
2455
2456
2456
2457
2458
2463
2463
2464
2465
2465
2466
2468
2468
2469
2469
2469
2470
2470
2471
2472
2475
2476
2478
2479
2483
2484
2484
2486
2486
2486
2487
2488
2490
2492
2492
2493
2495
2496
2497
2497
2497
2497
2499
2502
2503
2503
2504
2504
2504
2505
2505
2505
2506
2506
2506
2507
2508
2511
2512
2513
2513
2513
2513
2514
2515
2517
2517
2517
2517
2517
2518
2520
2520
2520
2522
2523
2523
2524
2524
2525
2525
2525
2527
2528
2528
2529
2530
2531
2533
2533
2536
2538
2538
2540
2541
2543
2543
2543
2544
2545
2545
2546
2547
2548
2548
2548
2549
2551
2552
2553
2554
2554
2556
2556
2559
2560
2562
2564
2565
2566
2567
2567
2567
2568
2571
2571
2572
2574
2574
2574
2575
2575
2575
2576
2579
2581
2583
2583
2585
2585
2588
2588
2588
2588
2588
2591
2592
2595
2595
2598
2601
2602
2602
2602
2603
2603
2604
2607
2607
2607
2611
2611
2613
2614
2616
2618
2618
2618
2619
2620
2620
2621
2621
2622
2622
2622
2623
2624
2625
2625
2626
2626
2626
2628
2630
2631
2631
2633
2633
2634
2636
2637
2638
2641
2641
2642
2642
2643
2644
2644
2644
2645
2645
2646
2649
2650
2651
2652
2652
2652
2655
2655
2656
2656
2657
2661
2663
2663
2664
2669
2672
2672
2672
2672
2673
2674
2675
2675
2675
2676
2676
2678
2678
2679
2680
2680
2681
2683
2683
2685
2685
2686
2687
2687
2687
2688
2689
2693
2695
2696
2696
2696
2697
2697
2697
2698
2698
2698
2699
2701
2702
2702
2702
2703
2703
2704
2704
2705
2707
2708
2709
2710
2711
2712
2716
2716
2716
2718
2718
2718
2719
2720
2720
2720
2721
2721
2721
2722
2723
2725
2725
2726
2726
2727
2728
2731
2731
2731
2732
2733
2735
2735
2736
2737
2737
2739
2739
2739
2740
2740
2741
2748
2748
2748
2750
2752
2752
2753
2754
2754
2754
2757
2757
2757
2758
2758
2759
2759
2759
2760
2761
2761
2762
2763
2764
2764
2766
2766
2767
2768
2769
2770
2770
2770
2771
2772
2774
2774
2775
2775
2778
2778
2778
2778
2779
2780
2780
2783
2784
2785
2786
2786
2788
2789
2790
2792
2794
2795
2798
2800
2802
2804
2805
2806
2809
2809
2809
2811
2812
2812
2813
2813
2813
2814
2818
2818
2820
2820
2822
2823
2824
2825
2826
2826
2826
2827
2828
2828
2830
2830
2830
2835
2835
2835
2836
2837
2838
2839
2840
2842
2842
2842
2845
2845
2845
2846
2846
2848
2848
2848
2849
2849
2849
2850
2851
2851
2852
2852
2854
2855
2855
2855
2856
2856
2857
2858
2858
2859
2860
2861
2861
2861
2862
2865
2867
2868
2868
2868
2868
2871
2871
2875
2876
2877
2878
2878
2879
2879
2880
2881
2882
2884
2886
2886
2887
2888
2888
2891
2892
2892
2893
2893
2893
2895
2895
2896
2899
2904
2904
2907
2912
2916
2917
2917
2918
2918
2918
2920
2921
2922
2923
2924
2924
2925
2925
2926
2926
2928
2928
2928
2930
2930
2930
2931
2932
2935
2935
2936
2936
2936
2937
2939
2941
2943
2944
2945
2946
2948
2949
2949
2950
2950
2951
2952
2953
2955
2957
2957
2957
2959
2961
2962
2962
2963
2966
2967
2969
2969
2969
2970
2970
2972
2973
2973
2974
2974
2975
2975
2976
2979
2979
2980
2981
2981
2985
2988
2989
2991
2991
2991
2992
2994
2996
2996
2996
2996
2997
2999
3000
3004
3006
3006
3006
3008
3008
3010
3012
3012
3014
3014
3015
3015
3016
3018
3020
3020
3021
3023
3023
3023
3024
3024
3026
3027
3028
3028
3028
3028
3029
3032
3032
3032
3032
3033
3036
3038
3039
3040
3040
3041
3042
3042
3044
3045
3049
3052
3057
3058
3059
3061
3061
3061
3062
3064
3065
3066
3067
3072
3072
3072
3072
3073
3075
3075
3075
3076
3076
3078
3079
3079
3080
3080
3082
3082
3082
3082
3082
3083
3083
3084
3084
3084
3086
3086
3087
3089
3089
3091
3094
3096
3098
3099
3099
3100
3100
3100
3100
3101
3103
3103
3104
3104
3104
3104
3105
3106
3107
3109
3110
3111
3113
3113
3114
3116
3119
3120
3120
3121
3121
3122
3122
3122
3123
3123
3123
3123
3125
3125
3127
3127
3131
3133
3133
3133
3134
3134
3135
3137
3138
3138
3140
3141
3142
3146
3147
3147
3149
3150
3152
3152
3152
3157
3158
3159
3161
3162
3164
3165
3166
3166
3168
3169
3169
3170
3171
3172
3174
3175
3178
3179
3181
3181
3183
3184
3188
3192
3193
3194
3195
3196
3196
3196
3197
3197
3197
3199
3199
3201
3202
3203
3204
3205
3208
3208
3208
3210
3212
3213
3213
3214
3214
3215
3215
3217
3217
3218
3218
3219
3222
3222
3223
3224
3224
3226
3227
3228
3231
3232
3232
3235
3236
3237
3237
3238
3238
3240
3241
3241
3242
3242
3244
3245
3248
3248
3248
3250
3250
3251
3251
3252
3254
3259
3262
3264
3265
3267
3268
3271
3271
3271
3271
3272
3274
3274
3275
3276
3276
3276
3276
3277
3278
3279
3283
3283
3285
3287
3287
3288
3288
3291
3291
3293
3293
3294
3297
3298
3300
3300
3300
3301
3302
3303
3303
3303
3303
3305
3307
3309
3310
3311
3312
3316
3317
3320
3320
3320
3321
3322
3323
3323
3327
3329
3330
3330
3331
3332
3332
3334
3335
3337
3337
3338
3338
3338
3340
3341
3344
3344
3345
3346
3346
3346
3347
3348
3348
3348
3349
3350
3351
3351
3352
3352
3352
3354
3354
3355
3355
3356
3357
3358
3359
3362
3362
3370
3370
3371
3372
3372
3376
3376
3377
3379
3379
3379
3379
3382
3382
3382
3383
3385
3386
3389
3392
3394
3396
3397
3397
3398
3399
3399
3399
3401
3403
3405
3405
3405
3409
3409
3410
3411
3411
3414
3414
3416
3416
3417
3418
3419
3419
3420
3422
3423
3425
3426
3426
3429
3430
3431
3431
3431
3432
3432
3432
3434
3434
3434
3436
3438
3439
3439
3440
3440
3440
3441
3441
3443
3446
3446
3447
3448
3451
3451
3451
3451
3451
3451
3452
3452
3455
3455
3455
3457
3457
3458
3459
3460
3460
3461
3462
3463
3465
3465
3466
3466
3467
3468
3468
3469
3469
3472
3472
3474
3477
3479
3479
3479
3480
3482
3484
3484
3484
3484
3485
3487
3487
3488
3488
3490
3492
3492
3492
3493
3493
3495
3495
3496
3496
3497
3497
3498
3499
3500
3500
3500
3500
3500
3500
3501
3505
3505
3507
3508
3508
3508
3508
3510
3510
3510
3511
3513
3514
3516
3518
3518
3519
3519
3520
3524
3525
3528
3529
3529
3529
3530
3531
3531
3532
3532
3533
3534
3534
3535
3535
3535
3535
3538
3539
3540
3541
3541
3541
3542
3542
3545
3546
3547
3548
3550
3552
3554
3554
3554
3554
3554
3555
3557
3557
3559
3560
3561
3562
3565
3566
3566
3568
3569
3569
3570
3572
3573
3574
3576
3576
3577
3578
3578
3580
3580
3582
3582
3582
3583
3587
3588
3589
3591
3593
3593
3593
3594
3594
3594
3595
3595
3596
3598
3601
3602
3604
3606
3607
3607
3608
3608
3609
3610
3611
3611
3612
3612
3614
3614
3615
3615
3616
3616
3618
3618
3619
3621
3621
3623
3624
3624
3625
3626
3627
3628
3629
3632
3634
3634
3635
3637
3637
3637
3641
3642
3643
3645
3645
3646
3647
3648
3650
3650
3652
3653
3657
3657
3657
3657
3658
3661
3662
3662
3663
3663
3664
3664
3664
3665
3665
3666
3667
3669
3669
3672
3672
3674
3676
3681
3682
3685
3685
3685
3686
3687
3688
3689
3689
3691
3692
3693
3693
3694
3695
3696
3696
3696
3697
3698
3698
3699
3699
3699
3700
3706
3708
3710
3710
3710
3711
3711
3712
3714
3715
3717
3717
3722
3722
3727
3730
3731
3732
3732
3733
3735
3736
3736
3736
3739
3739
3741
3741
3741
3743
3744
3745
3745
3746
3746
3750
3751
3751
3753
3755
3755
3755
3756
3757
3757
3758
3758
3760
3761
3761
3762
3763
3764
3765
3768
3768
3769
3769
3770
3771
3773
3774
3774
3776
3778
3778
3779
3779
3780
3780
3781
3784
3785
3785
3786
3786
3787
3787
3789
3789
3791
3791
3792
3793
3794
3794
3796
3797
3798
3798
3803
3804
3804
3804
3805
3808
3809
3810
3812
3812
3814
3815
3816
3820
3820
3821
3822
3822
3826
3826
3826
3827
3827
3828
3829
3830
3830
3831
3831
3831
3832
3832
3834
3835
3835
3838
3838
3839
3841
3841
3841
3841
3841
3842
3843
3845
3845
3845
3846
3847
3848
3848
3850
3851
3852
3853
3853
3854
3855
3855
3855
3856
3856
3856
3858
3860
3861
3862
3862
3863
3863
3863
3863
3865
3866
3866
3867
3867
3868
3869
3871
3872
3873
3873
3876
3877
3877
3877
3878
3878
3878
3879
3880
3881
3881
3882
3883
3886
3887
3888
3889
3889
3889
3890
3891
3892
3894
3895
3895
3898
3901
3901
3902
3903
3907
3908
3911
3911
3911
3912
3914
3915
3915
3915
3916
3916
3917
3918
3918
3918
3918
3924
3925
3926
3927
3928
3928
3929
3932
3933
3935
3935
3935
3935
3937
3937
3938
3939
3940
3941
3942
3942
3942
3943
3944
3944
3947
3948
3948
3948
3948
3950
3950
3952
3953
3958
3958
3959
3959
3960
3962
3964
3968
3968
3969
3969
3969
3969
3970
3971
3971
3971
3972
3974
3975
3976
3976
3978
3978
3980
3982
3982
3983
3984
3988
3989
3989
3989
3989
3989
3991
3992
3992
3992
3996
3998
3999
4002
4002
4003
4003
4008
4009
4010
4012
4012
4013
4013
4014
4014
4015
4016
4017
4017
4017
4018
4018
4019
4021
4021
4022
4022
4024
4024
4024
4025
4026
4027
4027
4029
4029
4029
4030
4030
4032
4033
4033
4034
4035
4036
4036
4038
4038
4038
4039
4042
4043
4045
4046
4046
4046
4046
4046
4047
4049
4051
4052
4052
4055
4056
4058
4058
4058
4059
4060
4060
4062
4062
4062
4063
4064
4067
4070
4071
4071
4073
4074
4075
4075
4077
4079
4080
4082
4083
4084
4085
4086
4086
4087
4087
4087
4088
4091
4092
4093
4093
4094
4095
4095
4096
4098
4099
4100
4102
4103
4103
4104
4105
4106
4106
4106
4107
4111
4117
4117
4117
4117
4118
4118
4119
4122
4123
4124
4125
4125
4126
4128
4128
4129
4131
4132
4133
4133
4133
4133
4134
4135
4135
4136
4138
4138
4139
4144
4147
4149
4149
4149
4150
4150
4150
4151
4151
4152
4152
4154
4154
4155
4156
4157
4157
4157
4157
4162
4164
4166
4166
4169
4169
4170
4171
4171
4172
4174
4175
4175
4176
4177
4178
4179
4179
4179
4179
4180
4180
4180
4181
4181
4181
4183
4183
4183
4183
4183
4184
4184
4185
4186
4186
4188
4189
4189
4189
4191
4192
4193
4193
4193
4194
4196
4197
4197
4198
4199
4201
4202
4203
4203
4204
4204
4205
4205
4206
4206
4208
4209
4211
4212
4215
4215
4216
4216
4218
4218
4220
4221
4222
4224
4226
4226
4227
4230
4231
4232
4233
4234
4234
4235
4235
4235
4235
4236
4237
4238
4240
4241
4242
4242
4243
4243
4244
4244
4247
4250
4250
4251
4251
4252
4252
4252
4253
4253
4254
4255
4255
4258
4259
4259
4259
4260
4262
4262
4262
4263
4263
4265
4266
4268
4269
4270
4272
4275
4276
4279
4280
4281
4281
4282
4283
4283
4284
4284
4284
4285
4285
4287
4289
4291
4293
4293
4294
4297
4297
4298
4298
4298
4298
4300
4301
4301
4301
4301
4303
4303
4304
4305
4306
4306
4307
4308
4309
4310
4313
4313
4314
4314
4315
4318
4320
4320
4321
4321
4322
4322
4324
4325
4325
4325
4328
4328
4330
4334
4335
4335
4336
4337
4338
4343
4345
4346
4346
4346
4347
4347
4347
4348
4348
4350
4352
4352
4354
4355
4357
4357
4357
4357
4357
4358
4359
4360
4360
4361
4362
4362
4362
4363
4363
4364
4364
4365
4366
4367
4367
4369
4376
4378
4380
4381
4381
4382
4382
4382
4383
4385
4385
4386
4387
4387
4387
4388
4388
4389
4389
4389
4390
4391
4391
4391
4392
4392
4395
4396
4397
4397
4397
4399
4402
4403
4403
4403
4404
4404
4405
4405
4406
4406
4408
4409
4409
4410
4410
4410
4411
4414
4416
4418
4418
4418
4422
4422
4424
4424
4426
4427
4428
4429
4431
4431
4431
4433
4435
4437
4439
4439
4440
4440
4440
4441
4441
4442
4443
4445
4446
4446
4447
4447
4449
4449
4453
4453
4453
4455
4456
4456
4456
4457
4458
4458
4458
4459
4459
4460
4461
4461
4462
4463
4463
4465
4465
4465
4465
4466
4467
4467
4467
4468
4469
4470
4473
4476
4476
4477
4477
4478
4482
4482
4483
4483
4484
4485
4486
4488
4489
4489
4489
4490
4491
4494
4495
4495
4496
4500
4502
4503
4504
4504
4505
4506
4506
4507
4507
4513
4514
4516
4517
4517
4518
4520
4521
4522
4523
4527
4528
4531
4531
4532
4534
4535
4535
4535
4536
4537
4538
4538
4538
4538
4540
4540
4542
4543
4543
4543
4545
4547
4548
4549
4550
4550
4552
4553
4553
4553
4554
4555
4556
4556
4556
4557
4559
4559
4559
4559
4560
4561
4561
4561
4563
4563
4564
4564
4564
4565
4565
4567
4568
4568
4570
4570
4571
4574
4576
4578
4578
4579
4583
4583
4583
4584
4584
4586
4587
4588
4589
4590
4590
4592
4594
4595
4595
4595
4595
4596
4596
4596
4598
4600
4602
4604
4604
4605
4608
4608
4610
4610
4610
4610
4611
4612
4612
4614
4615
4615
4615
4616
4616
4617
4618
4619
4619
4620
4620
4622
4622
4623
4624
4625
4625
4625
4627
4628
4628
4633
4633
4633
4636
4637
4637
4637
4637
4638
4641
4641
4644
4645
4646
4646
4648
4649
4650
4652
4653
4653
4654
4654
4655
4655
4658
4658
4659
4660
4661
4661
4665
4666
4666
4669
4672
4672
4672
4673
4674
4676
4677
4679
4681
4681
4682
4682
4683
4683
4683
4684
4685
4686
4689
4690
4690
4690
4691
4692
4694
4696
4697
4697
4697
4698
4698
4700
4700
4700
4701
4702
4704
4704
4704
4706
4707
4709
4710
4711
4712
4713
4714
4714
4716
4717
4719
4720
4721
4721
4722
4722
4722
4726
4727
4728
4729
4730
4730
4731
4733
4733
4733
4734
4735
4735
4735
4737
4738
4739
4740
4740
4742
4743
4745
4747
4749
4750
4750
4751
4751
4756
4756
4757
4758
4758
4760
4760
4764
4766
4768
4769
4770
4774
4776
4778
4780
4780
4780
4780
4780
4780
4781
4783
4784
4784
4786
4786
4789
4790
4791
4791
4791
4791
4796
4796
4796
4797
4798
4799
4800
4803
4805
4807
4807
4807
4810
4810
4811
4813
4813
4815
4815
4816
4817
4818
4818
4820
4820
4821
4822
4823
4823
4825
4825
4825
4826
4826
4828
4829
4832
4832
4834
4834
4836
4838
4839
4839
4840
4845
4846
4847
4849
4852
4853
4854
4856
4858
4858
4859
4863
4865
4868
4870
4871
4872
4872
4873
4873
4876
4877
4878
4879
4882
4883
4883
4883
4883
4884
4885
4885
4887
4888
4888
4888
4890
4890
4891
4893
4893
4894
4895
4896
4897
4897
4898
4898
4899
4899
4902
4902
4905
4905
4906
4907
4909
4909
4911
4912
4914
4914
4917
4918
4918
4920
4920
4920
4920
4923
4923
4923
4924
4925
4926
4926
4927
4928
4929
4929
4929
4931
4932
4933
4934
4935
4935
4936
4936
4941
4941
4941
4942
4942
4943
4944
4945
4946
4948
4951
4953
4953
4954
4954
4955
4956
4957
4957
4959
4960
4961
4961
4961
4962
4963
4964
4964
4967
4968
4969
4969
4972
4974
4975
4976
4979
4979
4980
4980
4981
4981
4983
4983
4983
4984
4988
4989
4989
4991
4991
4991
4992
4992
4993
4994
4995
4996
4997
4997
4997
4999
5000
5001
5001
5002
5002
5003
5007
5009
5012
5014
5014
5015
5015
5016
5017
5017
5017
5018
5020
5020
5021
5022
5023
5023
5024
5024
5025
5027
5028
5028
5032
5032
5032
5034
5035
5035
5036
5039
5039
5042
5043
5043
5043
5045
5047
5048
5048
5049
5050
5050
5053
5055
5060
5060
5061
5062
5063
5063
5063
5063
5064
5065
5065
5065
5066
5066
5068
5069
5072
5074
5075
5076
5076
5077
5077
5078
5078
5079
5081
5082
5083
5085
5086
5088
5088
5088
5089
5091
5091
5092
5092
5092
5093
5094
5095
5095
5095
5096
5097
5098
5098
5100
5104
5104
5105
5105
5106
5107
5108
5108
5109
5109
5110
5110
5110
5111
5111
5111
5114
5114
5115
5115
5116
5119
5120
5120
5121
5122
5123
5124
5125
5127
5129
5131
5133
5134
5134
5135
5136
5136
5137
5137
5138
5138
5138
5139
5139
5139
5141
5145
5145
5146
5149
5150
5150
5151
5151
5152
5152
5152
5152
5154
5157
5158
5158
5159
5160
5161
5161
5166
5166
5167
5170
5170
5172
5173
5173
5174
5174
5176
5177
5178
5178
5178
5180
5181
5181
5181
5182
5184
5184
5184
5185
5186
5186
5186
5188
5191
5193
5194
5194
5194
5195
5196
5197
5197
5198
5199
5199
5200
5202
5203
5203
5204
5204
5204
5205
5205
5206
5206
5207
5208
5209
5209
5210
5210
5211
5213
5214
5214
5215
5215
5216
5216
5216
5216
5217
5218
5219
5221
5221
5221
5226
5228
5237
5239
5241
5244
5245
5246
5248
5248
5250
5250
5251
5251
5251
5252
5254
5255
5256
5257
5260
5262
5264
5266
5266
5267
5268
5269
5271
5274
5275
5275
5278
5279
5282
5284
5284
5285
5286
5287
5288
5288
5288
5289
5290
5291
5291
5292
5292
5292
5293
5293
5293
5294
5294
5298
5299
5299
5299
5300
5305
5308
5309
5310
5311
5313
5313
5313
5314
5316
5316
5318
5318
5318
5319
5320
5320
5321
5321
5322
5322
5322
5323
5323
5324
5326
5326
5328
5328
5329
5331
5331
5332
5332
5333
5333
5335
5337
5337
5339
5339
5341
5342
5343
5344
5344
5345
5345
5346
5347
5349
5349
5350
5350
5351
5351
5351
5351
5353
5358
5359
5360
5360
5360
5362
5364
5367
5367
5368
5369
5369
5369
5371
5371
5372
5374
5376
5377
5380
5380
5380
5380
5381
5381
5382
5382
5382
5383
5384
5387
5387
5388
5388
5392
5394
5395
5397
5398
5400
5400
5402
5403
5404
5404
5404
5405
5406
5407
5407
5408
5409
5411
5412
5413
5415
5415
5417
5418
5419
5420
5420
5421
5422
5422
5422
5423
5425
5426
5427
5427
5427
5429
5430
5431
5431
5432
5433
5435
5435
5436
5437
5437
5438
5438
5438
5439
5441
5441
5442
5444
5445
5445
5447
5447
5447
5447
5448
5448
5449
5449
5451
5451
5452
5452
5452
5452
5453
5454
5454
5457
5458
5459
5459
5459
5460
5461
5462
5462
5462
5463
5464
5464
5464
5466
5466
5467
5467
5467
5467
5469
5470
5472
5472
5473
5474
5475
5476
5477
5479
5482
5485
5486
5486
5486
5487
5488
5488
5489
5492
5492
5493
5493
5495
5495
5495
5496
5496
5497
5499
5502
5503
5504
5504
5507
5507
5508
5510
5510
5511
5511
5512
5513
5514
5515
5516
5519
5523
5524
5524
5524
5525
5525
5525
5527
5529
5529
5531
5531
5532
5532
5533
5533
5535
5535
5537
5538
5538
5539
5542
5545
5545
5547
5547
5549
5550
5551
5551
5551
5551
5552
5552
5554
5556
5557
5557
5558
5558
5559
5559
5561
5561
5562
5563
5563
5564
5564
5565
5565
5566
5569
5571
5571
5572
5572
5574
5575
5578
5578
5578
5580
5580
5580
5581
5582
5583
5583
5585
5586
5586
5587
5588
5589
5589
5591
5592
5593
5593
5593
5595
5595
5599
5601
5601
5602
5604
5606
5606
5607
5608
5608
5608
5610
5611
5612
5612
5613
5616
5618
5619
5622
5622
5622
5623
5623
5623
5623
5624
5625
5625
5627
5627
5627
5629
5629
5630
5631
5631
5632
5632
5633
5633
5635
5636
5636
5638
5640
5640
5644
5645
5646
5647
5648
5648
5650
5651
5651
5651
5652
5652
5653
5656
5657
5659
5660
5661
5661
5663
5663
5663
5664
5665
5665
5666
5666
5666
5666
5667
5667
5667
5668
5668
5668
5668
5668
5669
5669
5670
5670
5670
5670
5671
5671
5675
5675
5675
5675
5676
5676
5676
5678
5679
5680
5680
5681
5681
5681
5682
5684
5684
5684
5685
5685
5688
5689
5689
5689
5690
5690
5693
5693
5695
5695
5695
5696
5696
5697
5697
5698
5698
5699
5699
5701
5701
5702
5703
5706
5707
5707
5710
5711
5712
5713
5713
5715
5715
5717
5719
5720
5721
5721
5721
5721
5722
5722
5723
5723
5723
5724
5725
5725
5731
5732
5733
5736
5740
5741
5742
5743
5745
5745
5746
5747
5747
5748
5750
5750
5752
5753
5753
5756
5759
5760
5761
5761
5761
5762
5765
5765
5767
5767
5769
5770
5772
5773
5775
5775
5776
5777
5778
5779
5780
5781
5784
5784
5784
5787
5788
5788
5789
5790
5791
5791
5792
5793
5793
5794
5795
5797
5797
5800
5801
5801
5801
5803
5803
5803
5804
5804
5805
5805
5806
5806
5808
5808
5812
5812
5813
5814
5815
5815
5816
5818
5819
5820
5820
5823
5826
5829
5836
5836
5836
5837
5838
5839
5839
5840
5840
5842
5844
5846
5846
5848
5850
5851
5851
5852
5853
5854
5854
5854
5855
5855
5856
5856
5857
5858
5860
5860
5860
5861
5861
5862
5862
5864
5865
5866
5867
5868
5869
5870
5872
5875
5875
5881
5881
5883
5884
5886
5887
5888
5888
5889
5891
5891
5894
5896
5897
5897
5897
5898
5899
5901
5902
5902
5905
5906
5906
5907
5907
5909
5909
5909
5910
5910
5912
5914
5914
5916
5918
5918
5919
5920
5920
5921
5921
5922
5923
5925
5926
5926
5928
5932
5936
5938
5939
5943
5944
5945
5946
5947
5947
5948
5948
5952
5957
5960
5960
5960
5960
5963
5964
5964
5966
5967
5968
5969
5970
5973
5973
5973
5975
5975
5975
5975
5976
5976
5977
5978
5980
5980
5981
5981
5981
5981
5981
5982
5982
5985
5987
5991
5991
5991
5995
5995
5995
5997
5997
5998
6001
6001
6001
6003
6003
6003
6006
6006
6007
6008
6008
6009
6009
6010
6010
6010
6013
6015
6015
6016
6016
6017
6020
6021
6022
6023
6025
6026
6026
6027
6027
6027
6028
6028
6029
6029
6032
6033
6034
6034
6036
6037
6040
6040
6043
6043
6043
6043
6045
6048
6049
6051
6051
6052
6053
6053
6053
6054
6054
6057
6058
6058
6059
6059
6060
6062
6064
6066
6066
6067
6069
6069
6070
6070
6071
6071
6073
6074
6075
6075
6078
6080
6081
6081
6082
6084
6084
6084
6087
6088
6088
6088
6089
6089
6090
6090
6093
6094
6098
6098
6098
6098
6100
6100
6100
6101
6101
6104
6106
6110
6110
6111
6111
6111
6111
6112
6112
6113
6114
6115
6117
6118
6118
6120
6120
6123
6123
6124
6124
6125
6125
6126
6127
6129
6129
6132
6134
6135
6136
6137
6137
6143
6143
6144
6144
6145
6145
6149
6150
6153
6157
6157
6158
6158
6160
6163
6163
6164
6165
6165
6166
6166
6166
6167
6168
6168
6168
6168
6168
6170
6170
6172
6173
6173
6174
6175
6175
6175
6176
6176
6176
6177
6178
6178
6179
6179
6180
6181
6181
6182
6184
6184
6184
6184
6185
6185
6186
6186
6187
6189
6189
6190
6192
6193
6193
6196
6196
6196
6196
6197
6198
6200
6201
6202
6202
6203
6204
6204
6205
6206
6208
6209
6211
6211
6212
6213
6215
6216
6219
6219
6220
6226
6231
6231
6236
6236
6236
6238
6238
6238
6239
6239
6240
6245
6246
6249
6249
6249
6252
6252
6252
6253
6254
6254
6255
6255
6255
6255
6256
6256
6257
6259
6260
6260
6261
6261
6261
6262
6262
6264
6267
6268
6268
6268
6269
6270
6272
6272
6273
6275
6275
6275
6276
6277
6278
6282
6282
6283
6283
6287
6288
6289
6291
6292
6295
6297
6297
6297
6297
6299
6301
6302
6302
6303
6304
6305
6306
6308
6308
6309
6313
6313
6314
6314
6317
6319
6322
6323
6324
6325
6326
6328
6328
6329
6331
6332
6332
6332
6333
6335
6337
6338
6338
6339
6340
6340
6341
6343
6343
6344
6344
6344
6346
6347
6349
6350
6350
6352
6355
6355
6356
6356
6357
6359
6360
6361
6367
6368
6369
6369
6374
6376
6377
6377
6378
6378
6380
6380
6383
6386
6386
6387
6388
6388
6389
6389
6390
6390
6391
6392
6393
6396
6396
6396
6397
6397
6398
6399
6400
6400
6401
6402
6403
6403
6405
6406
6407
6407
6408
6408
6408
6412
6413
6413
6414
6414
6414
6416
6417
6419
6419
6420
6420
6420
6420
6422
6423
6423
6424
6424
6428
6429
6430
6431
6431
6432
6432
6433
6434
6434
6434
6434
6435
6436
6436
6436
6439
6441
6441
6441
6443
6444
6447
6447
6449
6451
6451
6452
6454
6455
6455
6455
6458
6458
6459
6459
6461
6463
6463
6464
6464
6464
6467
6468
6470
6470
6471
6471
6472
6473
6473
6473
6474
6474
6474
6475
6477
6480
6480
6483
6485
6485
6486
6489
6490
6491
6494
6495
6496
6496
6499
6499
6499
6500
6500
6500
6501
6501
6501
6502
6504
6506
6506
6508
6509
6510
6511
6512
6512
6515
6517
6517
6517
6518
6519
6519
6521
6522
6527
6528
6530
6530
6530
6534
6535
6535
6536
6536
6537
6537
6538
6539
6540
6540
6540
6541
6542
6543
6543
6544
6544
6546
6549
6549
6549
6549
6551
6554
6555
6555
6557
6557
6558
6559
6559
6561
6562
6565
6565
6565
6568
6569
6570
6570
6572
6575
6576
6577
6579
6581
6581
6581
6583
6584
6584
6585
6586
6586
6586
6586
6588
6588
6590
6591
6595
6596
6597
6599
6600
6600
6601
6603
6603
6604
6604
6608
6611
6612
6612
6613
6616
6617
6617
6617
6619
6620
6621
6622
6622
6623
6624
6625
6627
6628
6628
6630
6631
6632
6633
6634
6634
6634
6636
6638
6638
6640
6641
6642
6644
6644
6644
6644
6644
6645
6648
6648
6651
6653
6654
6654
6657
6658
6659
6660
6661
6664
6664
6665
6666
6666
6666
6667
6667
6667
6671
6675
6677
6679
6686
6689
6689
6690
6690
6691
6691
6692
6693
6696
6696
6697
6698
6702
6703
6703
6704
6704
6705
6705
6705
6706
6706
6707
6707
6707
6708
6708
6709
6710
6712
6713
6713
6713
6715
6715
6716
6716
6717
6718
6718
6719
6720
6720
6721
6721
6721
6721
6722
6722
6723
6723
6723
6724
6726
6727
6728
6728
6730
6731
6732
6732
6732
6732
6734
6735
6737
6738
6740
6741
6741
6742
6742
6743
6744
6746
6746
6746
6748
6749
6751
6752
6753
6753
6753
6757
6757
6757
6758
6759
6762
6762
6762
6763
6763
6765
6769
6774
6775
6779
6779
6780
6780
6782
6783
6784
6785
6787
6789
6790
6790
6794
6795
6798
6798
6798
6799
6799
6801
6803
6804
6805
6806
6806
6808
6809
6810
6810
6812
6814
6815
6815
6816
6817
6818
6818
6818
6822
6829
6831
6831
6831
6836
6836
6836
6836
6837
6837
6837
6839
6839
6840
6841
6841
6843
6843
6844
6844
6845
6846
6846
6846
6847
6848
6848
6849
6849
6850
6851
6851
6852
6854
6855
6857
6858
6859
6860
6860
6862
6862
6863
6866
6870
6872
6873
6874
6875
6875
6875
6875
6876
6877
6878
6878
6878
6878
6879
6880
6880
6880
6880
6880
6881
6883
6883
6886
6886
6886
6886
6886
6886
6887
6889
6890
6890
6890
6894
6896
6896
6897
6897
6897
6904
6905
6905
6905
6906
6907
6907
6908
6908
6909
6910
6910
6910
6911
6911
6914
6915
6917
6918
6919
6919
6921
6921
6924
6924
6928
6928
6929
6930
6931
6932
6932
6933
6938
6938
6939
6940
6941
6941
6942
6943
6943
6944
6944
6947
6947
6948
6948
6951
6954
6954
6954
6955
6956
6957
6961
6961
6962
6962
6965
6966
6967
6969
6969
6970
6970
6972
6973
6974
6975
6976
6978
6978
6979
6983
6983
6985
6987
6987
6989
6992
6993
6994
6997
7001
7003
7003
7004
7004
7006
7008
7008
7011
7012
7013
7019
7019
7019
7019
7020
7023
7023
7023
7026
7026
7027
7029
7029
7031
7032
7034
7034
7034
7036
7037
7037
7038
7038
7039
7042
7042
7044
7044
7046
7050
7051
7051
7053
7053
7054
7055
7055
7058
7058
7061
7061
7062
7064
7064
7064
7065
7065
7065
7067
7068
7068
7069
7070
7071
7071
7073
7074
7076
7076
7077
7079
7080
7080
7081
7081
7082
7082
7082
7083
7084
7085
7086
7086
7087
7087
7087
7087
7089
7090
7090
7092
7092
7094
7096
7097
7098
7101
7102
7103
7103
7105
7105
7106
7106
7106
7107
7107
7108
7108
7112
7113
7114
7115
7116
7117
7118
7121
7121
7122
7123
7123
7124
7124
7127
7129
7132
7133
7133
7134
7137
7137
7139
7141
7141
7141
7142
7143
7145
7147
7147
7147
7147
7150
7150
7152
7152
7154
7154
7154
7155
7156
7157
7158
7160
7161
7163
7164
7164
7165
7165
7165
7167
7169
7169
7169
7173
7173
7175
7175
7176
7177
7177
7177
7178
7179
7179
7181
7182
7184
7185
7185
7185
7186
7186
7188
7189
7189
7191
7192
7192
7193
7195
7195
7196
7196
7197
7198
7199
7199
7200
7200
7201
7201
7203
7203
7204
7206
7206
7207
7208
7208
7210
7210
7210
7211
7212
7213
7214
7216
7218
7218
7219
7219
7219
7220
7222
7222
7223
7225
7226
7227
7227
7228
7229
7230
7231
7232
7234
7234
7236
7238
7239
7239
7242
7242
7243
7244
7245
7247
7250
7250
7252
7255
7255
7257
7257
7259
7265
7266
7266
7267
7269
7269
7272
7276
7276
7278
7278
7278
7279
7279
7280
7281
7281
7281
7282
7282
7283
7283
7285
7287
7288
7288
7289
7289
7290
7292
7296
7298
7299
7299
7299
7301
7302
7303
7304
7309
7309
7310
7310
7311
7313
7313
7314
7314
7316
7316
7316
7317
7317
7320
7321
7323
7323
7323
7323
7323
7324
7324
7324
7325
7325
7327
7329
7330
7332
7332
7336
7337
7339
7339
7344
7344
7346
7347
7347
7349
7349
7351
7352
7353
7354
7356
7358
7358
7359
7363
7364
7364
7366
7366
7366
7368
7369
7369
7372
7373
7373
7374
7374
7376
7379
7379
7380
7381
7381
7384
7385
7386
7386
7386
7386
7386
7387
7389
7389
7390
7390
7391
7392
7392
7392
7393
7393
7394
7397
7398
7398
7398
7398
7400
7401
7405
7405
7406
7407
7407
7407
7408
7408
7410
7411
7411
7411
7412
7413
7414
7417
7419
7419
7419
7419
7420
7421
7421
7421
7422
7423
7423
7424
7425
7426
7427
7427
7428
7429
7429
7430
7433
7438
7440
7442
7444
7446
7449
7450
7451
7452
7452
7453
7454
7455
7456
7456
7459
7459
7462
7463
7463
7464
7465
7466
7468
7470
7471
7471
7472
7472
7473
7474
7474
7475
7476
7476
7476
7477
7477
7478
7479
7480
7480
7480
7481
7481
7483
7483
7486
7486
7490
7495
7495
7495
7496
7496
7497
7497
7497
7499
7499
7502
7502
7504
7504
7504
7505
7507
7507
7507
7508
7510
7510
7511
7511
7513
7513
7515
7518
7519
7521
7522
7523
7523
7527
7527
7530
7530
7534
7534
7535
7537
7537
7539
7539
7540
7540
7541
7542
7543
7543
7544
7544
7545
7545
7545
7545
7546
7547
7547
7549
7549
7550
7550
7552
7553
7553
7555
7555
7557
7558
7558
7559
7559
7562
7565
7568
7568
7570
7570
7570
7571
7572
7574
7575
7579
7581
7582
7583
7584
7584
7586
7587
7587
7588
7589
7589
7592
7592
7592
7593
7596
7596
7597
7597
7599
7600
7600
7603
7603
7605
7605
7605
7607
7608
7609
7610
7610
7611
7611
7612
7612
7613
7616
7618
7618
7618
7618
7619
7620
7622
7622
7624
7624
7625
7625
7626
7627
7627
7628
7628
7628
7629
7629
7630
7634
7635
7637
7638
7640
7642
7642
7642
7643
7644
7645
7646
7646
7646
7649
7649
7649
7650
7652
7652
7653
7653
7654
7654
7655
7658
7658
7658
7660
7660
7661
7661
7661
7662
7663
7663
7666
7667
7670
7670
7671
7672
7673
7674
7674
7675
7675
7676
7678
7679
7680
7680
7681
7681
7682
7682
7683
7683
7684
7684
7686
7686
7687
7688
7688
7688
7688
7688
7691
7691
7692
7692
7692
7697
7699
7701
7703
7703
7704
7707
7709
7709
7710
7713
7713
7713
7714
7714
7714
7715
7715
7720
7721
7724
7724
7726
7726
7726
7727
7730
7731
7732
7732
7734
7734
7735
7735
7735
7737
7737
7738
7739
7739
7740
7740
7740
7740
7742
7743
7744
7744
7745
7746
7746
7746
7746
7747
7747
7747
7748
7748
7749
7751
7751
7752
7753
7753
7756
7756
7757
7757
7757
7760
7761
7761
7761
7761
7764
7764
7764
7766
7768
7769
7770
7770
7771
7776
7776
7776
7776
7778
7778
7779
7780
7781
7782
7786
7787
7788
7788
7788
7789
7790
7791
7791
7792
7794
7794
7795
7795
7796
7797
7799
7799
7800
7801
7801
7801
7802
7802
7804
7805
7805
7807
7810
7813
7814
7815
7816
7816
7817
7818
7819
7821
7821
7821
7822
7822
7824
7824
7824
7825
7825
7825
7827
7828
7829
7830
7830
7831
7832
7832
7832
7832
7832
7833
7834
7835
7835
7835
7835
7836
7836
7836
7839
7839
7840
7840
7840
7843
7843
7843
7846
7846
7847
7847
7848
7848
7848
7849
7850
7851
7853
7853
7854
7854
7854
7855
7859
7861
7864
7867
7869
7870
7870
7871
7876
7876
7877
7879
7880
7880
7881
7882
7883
7885
7886
7887
7887
7887
7888
7889
7889
7891
7891
7892
7892
7894
7898
7898
7898
7899
7900
7900
7900
7901
7903
7903
7904
7905
7906
7906
7907
7908
7909
7910
7910
7911
7912
7912
7912
7915
7915
7916
7917
7917
7919
7919
7920
7921
7923
7923
7924
7927
7928
7931
7932
7932
7933
7933
7934
7934
7935
7935
7936
7937
7939
7941
7942
7944
7945
7946
7947
7949
7950
7951
7954
7954
7956
7958
7958
7958
7958
7959
7959
7965
7965
7966
7967
7968
7969
7969
7969
7972
7972
7973
7973
7975
7975
7976
7977
7977
7978
7978
7978
7979
7980
7980
7980
7981
7981
7983
7983
7984
7984
7985
7986
7987
7989
7991
7991
7993
7994
7994
7996
7998
7999
7999
8000
8000
8001
8001
8004
8006
8007
8009
8009
8010
8010
8010
8012
8013
8014
8015
8016
8017
8017
8018
8018
8019
8019
8019
8020
8020
8021
8022
8023
8023
8024
8027
8028
8029
8030
8031
8033
8033
8033
8034
8034
8035
8037
8037
8038
8038
8039
8042
8042
8043
8043
8044
8046
8047
8047
8049
8050
8050
8051
8052
8052
8053
8053
8056
8057
8058
8058
8060
8060
8063
8063
8064
8065
8066
8068
8071
8072
8073
8075
8078
8080
8081
8082
8083
8083
8084
8085
8088
8089
8089
8091
8095
8095
8097
8100
8100
8105
8105
8105
8105
8106
8107
8108
8111
8112
8112
8113
8113
8114
8115
8115
8118
8119
8120
8121
8125
8126
8126
8127
8128
8128
8129
8129
8131
8133
8134
8135
8136
8137
8138
8139
8140
8141
8143
8143
8147
8147
8149
8151
8151
8153
8155
8158
8159
8161
8161
8162
8162
8163
8164
8167
8168
8168
8168
8169
8169
8170
8172
8173
8174
8175
8176
8178
8180
8181
8182
8183
8184
8185
8185
8188
8188
8188
8190
8193
8193
8194
8195
8195
8196
8197
8197
8198
8199
8200
8200
8200
8201
8202
8203
8204
8204
8205
8205
8206
8208
8208
8209
8210
8211
8213
8214
8215
8215
8217
8218
8219
8221
8225
8225
8226
8227
8230
8231
8232
8232
8232
8234
8234
8234
8237
8237
8237
8238
8238
8239
8239
8239
8240
8242
8244
8246
8247
8248
8249
8249
8249
8249
8250
8250
8251
8253
8254
8255
8255
8255
8256
8256
8257
8260
8262
8263
8263
8265
8267
8269
8269
8272
8272
8273
8274
8274
8275
8275
8276
8277
8278
8281
8281
8282
8282
8282
8285
8285
8286
8286
8287
8288
8288
8288
8289
8291
8291
8293
8296
8297
8297
8298
8300
8302
8305
8305
8306
8306
8306
8306
8307
8308
8309
8309
8309
8310
8311
8311
8311
8311
8312
8313
8315
8316
8316
8316
8317
8318
8318
8318
8320
8321
8323
8326
8327
8328
8328
8329
8331
8332
8333
8333
8335
8337
8339
8342
8344
8344
8345
8346
8350
8351
8352
8353
8353
8355
8356
8360
8361
8363
8363
8363
8364
8364
8364
8365
8367
8367
8370
8370
8371
8376
8377
8378
8379
8379
8380
8385
8387
8389
8390
8391
8393
8393
8393
8394
8394
8395
8395
8395
8396
8396
8399
8399
8400
8401
8403
8403
8403
8406
8406
8411
8412
8413
8413
8414
8414
8414
8415
8416
8416
8419
8420
8421
8422
8424
8424
8425
8425
8427
8429
8430
8431
8431
8432
8433
8433
8434
8434
8436
8436
8437
8437
8439
8440
8440
8442
8443
8443
8443
8444
8445
8445
8446
8448
8449
8452
8453
8453
8454
8454
8458
8461
8461
8461
8462
8463
8463
8465
8466
8467
8467
8468
8472
8473
8473
8475
8476
8478
8478
8479
8482
8482
8483
8484
8485
8486
8487
8489
8490
8490
8491
8491
8498
8498
8498
8498
8500
8501
8505
8505
8505
8505
8505
8506
8507
8507
8508
8510
8511
8511
8511
8514
8515
8515
8517
8518
8519
8520
8520
8521
8521
8522
8524
8526
8526
8526
8527
8527
8528
8528
8529
8529
8530
8534
8535
8535
8536
8537
8537
8537
8538
8538
8539
8540
8542
8544
8544
8544
8546
8546
8547
8547
8549
8549
8549
8554
8554
8555
8555
8557
8557
8560
8560
8560
8562
8563
8563
8564
8564
8565
8565
8567
8571
8571
8571
8572
8573
8573
8577
8578
8579
8579
8579
8580
8580
8582
8583
8585
8588
8588
8589
8589
8589
8591
8591
8591
8592
8593
8594
8594
8595
8595
8595
8597
8597
8598
8601
8601
8604
8605
8605
8606
8609
8609
8609
8611
8613
8614
8615
8615
8615
8617
8619
8619
8620
8621
8621
8622
8623
8629
8631
8632
8633
8633
8634
8637
8638
8638
8639
8639
8640
8644
8644
8645
8646
8647
8648
8648
8651
8652
8655
8656
8657
8660
8662
8662
8664
8664
8667
8667
8667
8667
8667
8668
8668
8669
8669
8670
8676
8677
8677
8679
8682
8682
8684
8685
8685
8687
8687
8687
8689
8690
8691
8692
8692
8692
8695
8697
8699
8700
8701
8701
8702
8702
8703
8705
8707
8707
8709
8709
8710
8713
8713
8714
8714
8714
8715
8716
8716
8717
8717
8718
8718
8719
8722
8723
8725
8726
8726
8727
8728
8728
8728
8728
8728
8729
8730
8731
8733
8734
8735
8735
8736
8737
8737
8738
8739
8740
8741
8741
8741
8743
8743
8744
8744
8745
8746
8747
8750
8750
8751
8752
8754
8758
8760
8760
8761
8766
8767
8768
8769
8769
8769
8769
8771
8772
8774
8780
8780
8781
8781
8782
8783
8784
8784
8785
8786
8786
8787
8787
8787
8788
8788
8788
8789
8789
8789
8789
8789
8792
8793
8794
8797
8799
8799
8800
8802
8802
8803
8804
8806
8806
8808
8808
8809
8810
8811
8812
8814
8814
8814
8815
8816
8816
8816
8819
8820
8820
8820
8820
8822
8823
8823
8824
8826
8826
8827
8827
8828
8830
8831
8833
8834
8834
8834
8834
8835
8836
8839
8840
8840
8840
8845
8846
8847
8848
8848
8849
8852
8853
8854
8854
8855
8856
8857
8857
8859
8862
8862
8863
8863
8865
8865
8865
8866
8867
8868
8868
8869
8869
8870
8871
8872
8872
8873
8873
8874
8875
8875
8876
8879
8879
8879
8881
8885
8888
8888
8889
8890
8891
8891
8892
8893
8895
8900
8904
8906
8906
8907
8908
8908
8908
8909
8909
8911
8912
8913
8914
8915
8916
8917
8918
8919
8919
8920
8921
8921
8923
8923
8924
8925
8925
8926
8928
8929
8930
8931
8934
8934
8934
8936
8936
8936
8937
8938
8940
8940
8942
8943
8945
8946
8947
8947
8947
8949
8949
8950
8951
8951
8953
8954
8954
8954
8956
8957
8961
8962
8963
8964
8964
8964
8965
8965
8965
8966
8966
8968
8970
8970
8971
8972
8972
8972
8972
8973
8974
8980
8980
8980
8980
8981
8981
8981
8982
8983
8983
8984
8985
8988
8988
8988
8989
8989
8990
8990
8990
8991
8991
8992
8992
8993
8993
8999
9000
9000
9002
9002
9003
9003
9005
9005
9007
9008
9009
9010
9013
9015
9015
9016
9018
9018
9019
9019
9020
9020
9020
9022
9026
9026
9027
9029
9032
9032
9033
9034
9034
9034
9037
9037
9039
9039
9041
9042
9044
9047
9047
9049
9051
9051
9053
9053
9053
9054
9056
9056
9057
9057
9058
9058
9058
9060
9061
9062
9063
9064
9064
9064
9065
9069
9071
9071
9073
9073
9074
9074
9074
9075
9076
9076
9077
9078
9078
9081
9081
9083
9084
9084
9085
9085
9086
9089
9091
9092
9093
9093
9094
9095
9095
9096
9097
9098
9098
9099
9100
9102
9103
9104
9105
9105
9108
9110
9111
9111
9111
9113
9114
9114
9116
9119
9119
9120
9121
9121
9121
9121
9122
9123
9124
9124
9124
9125
9126
9127
9128
9129
9131
9131
9134
9135
9135
9137
9137
9141
9141
9143
9143
9143
9144
9144
9146
9146
9146
9148
9148
9148
9150
9150
9150
9150
9152
9152
9153
9155
9155
9156
9156
9157
9157
9157
9160
9160
9163
9163
9164
9164
9164
9167
9168
9169
9169
9169
9170
9170
9170
9171
9171
9175
9175
9176
9176
9177
9179
9180
9180
9181
9182
9183
9184
9185
9185
9185
9187
9187
9188
9189
9190
9190
9190
9191
9192
9192
9194
9194
9197
9200
9201
9202
9203
9204
9208
9208
9209
9210
9210
9211
9211
9212
9213
9213
9214
9215
9215
9215
9216
9216
9218
9218
9219
9220
9220
9222
9223
9225
9226
9226
9227
9227
9227
9228
9230
9230
9232
9233
9233
9234
9234
9234
9235
9240
9240
9240
9241
9241
9242
9243
9243
9244
9245
9247
9248
9248
9248
9249
9250
9251
9251
9251
9252
9254
9254
9255
9257
9258
9259
9260
9261
9261
9263
9263
9263
9264
9265
9265
9266
9267
9267
9267
9268
9269
9271
9272
9273
9273
9275
9276
9276
9277
9280
9281
9284
9284
9286
9287
9287
9288
9288
9288
9289
9289
9293
9294
9297
9297
9297
9297
9298
9298
9298
9299
9299
9301
9301
9301
9301
9301
9303
9303
9305
9305
9305
9307
9309
9309
9309
9310
9310
9311
9314
9315
9316
9316
9319
9321
9322
9322
9322
9324
9324
9325
9327
9328
9329
9330
9330
9331
9332
9334
9335
9336
9337
9338
9338
9339
9339
9340
9340
9341
9341
9341
9342
9343
9344
9344
9345
9345
9346
9348
9349
9349
9349
9350
9350
9351
9351
9352
9353
9356
9356
9357
9357
9358
9359
9359
9360
9367
9369
9370
9370
9370
9370
9371
9372
9372
9373
9374
9376
9377
9379
9384
9384
9384
9385
9385
9387
9389
9389
9390
9390
9390
9391
9392
9392
9393
9394
9394
9395
9401
9402
9402
9402
9403
9403
9404
9404
9405
9406
9408
9413
9414
9414
9416
9417
9418
9419
9420
9421
9425
9426
9426
9428
9430
9431
9434
9435
9436
9438
9439
9443
9445
9445
9447
9448
9448
9450
9451
9452
9452
9454
9454
9454
9454
9454
9456
9456
9458
9458
9459
9466
9466
9466
9469
9471
9472
9472
9472
9473
9474
9474
9475
9475
9476
9476
9477
9478
9478
9479
9480
9481
9482
9483
9483
9483
9484
9485
9485
9486
9486
9487
9488
9488
9489
9489
9491
9491
9492
9493
9493
9493
9493
9495
9495
9497
9498
9499
9499
9499
9500
9500
9502
9502
9505
9505
9506
9507
9507
9509
9509
9510
9511
9512
9515
9515
9516
9519
9519
9519
9520
9521
9521
9522
9523
9524
9526
9528
9529
9530
9531
9531
9532
9534
9535
9537
9538
9538
9538
9539
9539
9542
9542
9543
9544
9544
9545
9546
9548
9549
9549
9550
9551
9551
9552
9554
9557
9557
9557
9557
9558
9558
9559
9559
9560
9560
9561
9563
9564
9565
9566
9567
9568
9568
9569
9570
9572
9574
9575
9575
9576
9576
9577
9577
9577
9578
9579
9579
9580
9580
9580
9581
9581
9581
9582
9582
9583
9583
9585
9586
9586
9587
9587
9587
9587
9588
9590
9591
9592
9592
9592
9593
9598
9598
9598
9599
9599
9601
9601
9602
9602
9603
9603
9604
9604
9604
9605
9606
9608
9609
9610
9610
9610
9610
9611
9613
9615
9616
9617
9617
9620
9622
9622
9623
9623
9625
9625
9626
9628
9631
9633
9633
9634
9634
9635
9636
9637
9638
9641
9642
9642
9644
9644
9645
9645
9647
9647
9650
9650
9650
9652
9654
9654
9654
9657
9657
9658
9658
9658
9659
9660
9660
9661
9661
9664
9664
9665
9665
9667
9668
9668
9672
9676
9677
9678
9679
9680
9680
9680
9681
9681
9682
9683
9684
9685
9686
9687
9693
9693
9694
9695
9696
9696
9696
9698
9698
9699
9699
9700
9701
9701
9702
9702
9702
9706
9707
9707
9710
9711
9711
9712
9712
9713
9714
9714
9714
9716
9717
9717
9718
9719
9720
9721
9721
9722
9724
9724
9726
9727
9729
9730
9730
9730
9732
9732
9733
9733
9735
9736
9736
9740
9741
9742
9742
9744
9744
9744
9744
9745
9748
9750
9751
9751
9752
9753
9754
9754
9755
9756
9757
9760
9760
9762
9763
9764
9764
9766
9766
9766
9768
9769
9771
9772
9772
9773
9773
9774
9776
9776
9779
9779
9780
9780
9781
9781
9781
9783
9784
9784
9784
9786
9786
9791
9792
9793
9793
9796
9797
9798
9799
9800
9801
9802
9802
9804
9804
9805
9805
9805
9805
9806
9807
9815
9815
9816
9817
9817
9817
9817
9819
9820
9821
9822
9822
9825
9825
9826
9827
9827
9828
9829
9831
9832
9834
9834
9835
9835
9835
9836
9836
9837
9837
9837
9839
9840
9840
9841
9841
9843
9843
9843
9844
9845
9846
9847
9847
9847
9847
9849
9850
9851
9852
9853
9854
9854
9855
9855
9858
9858
9860
9860
9862
9871
9871
9871
9872
9872
9873
9874
9874
9874
9875
9875
9875
9877
9878
9880
9881
9882
9884
9884
9885
9886
9887
9890
9890
9891
9893
9893
9894
9895
9896
9897
9897
9898
9898
9898
9899
9899
9899
9900
9902
9905
9906
9907
9908
9909
9911
9912
9913
9913
9915
9915
9915
9916
9916
9919
9919
9920
9920
9923
9924
9924
9924
9925
9925
9925
9925
9926
9927
9929
9930
9930
9931
9937
9938
9939
9941
9941
9942
9942
9943
9944
9945
9945
9946
9947
9948
9948
9950
9950
9951
9951
9954
9955
9956
9956
9959
9964
9965
9966
9969
9969
9969
9973
9974
9974
9975
9975
9976
9978
9978
9982
9983
9985
9985
9986
9988
9989
9990
9990
9990
9990
9991
9991
9992
9994
9994
9995
9995
9995
9998
9999
9999
10000
10000
